int_2 [ 0.         -0.21076878 -0.05055425 -0.00931452  0.80095779  0.54385896
  0.32325822 -0.34393915 -0.99397679 -0.97393824 -0.8532135  -0.89123417]
int_7 [ 0.          0.17262778  0.43980262  0.18730342 -0.22913316  0.22559713
 -0.17007928 -0.30448905 -0.1078213  -0.55373452 -0.20945076 -0.86613297
 -0.9272449  -0.68847011 -1.2142897  -1.50573155 -0.88297771 -0.30464237
 -0.76284516]
int_3 [-0.89123417 -0.77602374 -0.5648049  -0.55656299 -0.71650684 -0.51188212
 -0.4711047 ]
int_6 [-0.89123417 -0.57950312 -0.74298849 -1.38170602 -1.35390656 -1.28776045
 -1.0917465  -0.88830465 -0.33253305 -0.34006963 -0.86497165]
int_8 [-0.76284516 -0.85850674 -0.87116484 -1.23469041 -1.46198411 -0.92096967
 -0.77006266 -0.31821647 -0.68466284 -0.71443195 -0.99514072 -0.85940689
 -0.62594852 -0.78035245]
int_9 [-0.76284516 -1.16503821 -1.13731033 -1.01898944 -1.66749093 -1.77402887
 -1.9039486  -1.99857358 -2.09960125 -1.60734264 -1.85917077 -1.97147404
 -1.9250653  -1.9251989  -2.02467911 -2.4066602  -2.08243129 -2.42404262]
int_4 [-0.4711047  -0.92491585 -0.7517689 ]
int_5 [-0.4711047  -0.7435927  -0.65062458 -0.90551066 -0.78290248 -0.54542922]
Species_E [-0.86497165 -0.75414922 -0.86569144 -0.50481898 -0.29255134 -0.2786182
 -0.6183977  -0.87659138 -1.40639004]
Species_F [-0.86497165 -0.19959114 -0.13565879  0.26580022  0.07320572 -0.03484618
 -0.05140677 -0.58362002 -0.75229644 -1.04098294]
Species_G [-0.78035245 -1.22783275 -1.2925225  -1.21414584 -0.71534712 -0.92675969
 -1.25407443 -0.90718885 -0.62483239 -0.41701211 -0.27162537 -0.19362951]
Species_H [-0.78035245 -1.2921389  -1.07429909 -1.30492234 -0.71197866 -0.4889423
  0.03025392  0.84508717  1.1551819   0.77273602  0.95884032  1.16681448
  1.15708603  0.79108588]
Species_I [-2.42404262 -2.82784133 -2.89743839 -2.67325491 -2.48119416 -2.63015664
 -2.53158652 -3.03191647 -2.77480218 -2.2791144  -2.22660167 -1.99677957
 -2.007411   -2.16033705 -1.88416023 -2.22513655]
Species_J [-2.42404262 -2.36706425 -2.65995858 -2.46529437 -2.47246838 -1.79234187
 -1.94436041 -2.05311349 -1.978301   -2.18627897 -2.18267045 -2.08411057
 -1.81490528 -1.94266961 -2.09451533 -1.43254747 -1.70479101]
Species_A [-0.7517689  -0.34570851]
Species_B [-0.7517689  -0.82175282 -0.80974222]
Species_C [-0.54542922 -1.05640277 -1.03046009 -1.00959164 -0.72686149]
Species_D [-0.54542922 -1.27903006 -1.52918344 -1.78348867 -1.66194629 -1.21797   ]
