int_2 [0.         0.00854435 0.01608021 0.02501853 0.0323279  0.04121818
 0.04953307 0.05705736 0.06426492 0.07256808 0.08005614]
int_7 [0.         0.00832434 0.0164239  0.02368686 0.03133626 0.03870611
 0.04566473 0.05357903 0.06024818 0.0684474  0.07629049 0.0839186
 0.09117691 0.09838667 0.10579318 0.1141354  0.12094863 0.12916667]
int_3 [0.08005614 0.08787095 0.09569335 0.10456958 0.11222158 0.12031704]
int_6 [0.08005614 0.08715243 0.09557729 0.10390631 0.11212581 0.11910786
 0.12660439 0.13441756 0.14215228 0.14948561]
int_8 [0.12916667 0.13795078 0.14670173 0.15450704 0.16234236 0.16994983
 0.17979886 0.18683575 0.1941583  0.2029759  0.21047572 0.21850732
 0.22653571]
int_9 [0.12916667 0.13736899 0.14538266 0.1529124  0.15975353 0.16886433
 0.17726912 0.18487591 0.191727   0.19773465 0.20659898 0.21475143
 0.22322668 0.23023585 0.23797568 0.24530196 0.25266135]
int_4 [0.12031704 0.1285113 ]
int_5 [0.12031704 0.12853202 0.1362814  0.14440236 0.15303414]
Species_E [0.14948561 0.15661288 0.16636225 0.17322954 0.18189067 0.18958363
 0.19643329 0.20448789]
Species_F [0.14948561 0.15647042 0.16445459 0.17274997 0.17994252 0.18895162
 0.19599936 0.20307388 0.21103104]
Species_G [0.22653571 0.23307181 0.24054655 0.24797322 0.25581515 0.26322545
 0.27082023 0.2781983  0.28530174 0.29284394 0.30021058]
Species_H [0.22653571 0.23453159 0.2410683  0.24920442 0.25598958 0.26415508
 0.27214353 0.28022191 0.28815225 0.29598549 0.30386006 0.31116854
 0.31802398]
Species_I [0.25266135 0.26031089 0.26838174 0.27679577 0.28408432 0.29138184
 0.29960909 0.30753645 0.31456223 0.32173569 0.33061935 0.33896263
 0.34632858 0.35349768 0.36139206]
Species_J [0.25266135 0.26107601 0.26803348 0.27476912 0.28297879 0.28937174
 0.29577446 0.30342717 0.31271974 0.3198082  0.32614166 0.3325555
 0.33976183 0.34690304 0.35335716 0.36089111]
Species_A [0.1285113]
Species_B [0.1285113 0.1346619]
Species_C [0.15303414 0.15995646 0.16785478 0.1751538 ]
Species_D [0.15303414 0.15963063 0.16829198 0.1745379  0.18197757]
