int_2 [ 0.         -0.02987598 -0.33594551 -0.7108437  -0.16578693 -0.59110111
 -0.62960282 -0.62104743 -1.14355379 -1.44996487 -1.39729336 -1.61905882]
int_7 [ 0.          0.36431306 -0.20044526 -0.3262498  -0.23383308 -0.11873793
  0.00628336 -0.12961378  0.31692427  0.47449131  0.53866652  0.77543727
  0.46194924  0.71811283  0.41604879  0.72885012  0.54907172  0.3151809
 -0.03176433]
int_3 [-1.61905882 -2.46661361 -2.49916567 -2.35870485 -2.55225309 -2.71446914
 -2.65873704]
int_6 [-1.61905882 -1.30308884 -1.19076551 -1.48508526 -1.6905616  -1.28595278
 -1.58715057 -0.86025196 -0.9387074  -0.6396736  -0.81852518]
int_8 [-0.03176433  0.13548914  0.03163616  0.08102402  0.26983986  0.0423217
  0.11716088 -0.05459615 -0.10370533 -0.08200468  0.14686091 -0.03819705
 -0.22277383  0.0073559 ]
int_9 [-0.03176433 -0.51832559 -0.82798286 -0.76737801 -0.58305749 -0.88414235
 -0.69008479 -0.90707537 -0.77567298 -0.92431396 -0.70184591 -1.26410706
 -1.37584837 -1.24444999 -1.17329293 -1.37975438 -1.55422804 -1.40128718]
int_4 [-2.65873704 -2.83810516 -3.39903355]
int_5 [-2.65873704 -2.46588768 -3.12401353 -2.90919675 -3.03781587 -2.81618498]
Species_E [-0.81852518 -0.8694662  -0.47683231 -0.5016923  -0.83548544 -1.37376759
 -1.37060745 -1.14782405 -1.26008764]
Species_F [-0.81852518 -0.59682952 -0.4122979  -0.39700211 -0.20482321 -0.15399059
 -0.51364508 -0.12220313  0.29624551  0.43780928]
Species_G [ 0.0073559  -0.68972563 -0.89418505 -0.58695838 -0.53230717 -0.23107162
 -0.00506491  0.46194818  1.24807501  1.17512306  1.48491411  1.74208024]
Species_H [0.0073559  0.39060444 0.28579738 0.62907324 1.17964595 1.54503727
 1.95042126 2.41838816 2.30245851 1.71258188 1.43438643 1.69315264
 1.58705506 1.47447345]
Species_I [-1.40128718 -1.93591338 -2.06140056 -2.04525819 -2.34942862 -2.26902457
 -2.51367078 -2.72084823 -2.86561448 -2.5571088  -2.55806013 -3.12890155
 -3.01917485 -2.89800641 -2.80994022 -2.66696047]
Species_J [-1.40128718 -0.86435811 -1.35489933 -1.58210076 -1.06588959 -0.94970437
 -1.1720719  -0.94060125 -0.95283659 -0.51405242 -0.62454164 -0.79372938
 -1.36252072 -1.12034188 -0.84956301 -1.50993129 -1.8411187 ]
Species_A [-3.39903355 -3.61041447]
Species_B [-3.39903355 -3.56324597 -3.48546031]
Species_C [-2.81618498 -3.13228172 -3.06724645 -2.69795183 -2.26829404]
Species_D [-2.81618498 -2.71706088 -2.80238182 -3.00032543 -2.6343097  -2.55579998]
